1 235 1.8 5 5 4
2 220 1.8 4 5 3
3 228 2.0 4 5 3
4 230 2.0 5 5 2
5 234 3.0 5 5 2
9 0 0.0 0 0 0
11 242 1.8 4 5 3
12 250 4.2 2 4 3
13 250 4.0 5 4 6
14 0 0.0 0 0 0
15 0 0.0 0 0 0
16 0 0.0 0 0 0
17 0 0.0 0 0 0
18 0 0.0 0 0 0
19 203 1.4 3 4 4
21 238 2.0 5 5 7
22 250 2.0 2 4 12
23 248 2.0 2 4 3
24 242 2.0 5 4 6
25 240 2.0 4 5 3
26 235 2.5 5 5 6
27 237 2.5 4 5 3
28 228 2.0 4 5 3
31 225 2.0 5 5 2
32 222 3.0 5 5 2
33 300 4.2 2 2 10
34 250 3.0 2 4 12
35 250 3.0 2 4 3
36 250 3.0 5 5 6
38 250 4.0 5 4 6
39 250 4.0 4 5 3
40 250 3.0 5 5 2
41 250 2.0 2 2 12
42 250 2.0 2 4 10
43 242 2.0 2 2 12
44 245 2.0 2 4 10
46 0 0.0 0 0 0
47 0 0.0 0 0 0
48 0 0.0 0 0 0
49 0 0.0 0 0 0
50 0 0.0 0 0 0
52 0 0.0 0 0 0
53 0 0.0 0 0 0
55 0 0.0 0 0 0
56 0 0.0 0 0 0
57 0 0.0 0 0 0
60 0 0.0 0 0 0
61 0 0.0 0 0 0
62 0 0.0 0 0 0
63 0 0.0 0 0 0
65 0 0.0 0 0 0
66 0 0.0 0 0 0
67 0 0.0 0 0 0
68 210 1.6 4 5 3
69 200 2.0 5 5 2
70 225 2.0 4 5 3
71 250 3.0 2 4 3
72 250 4.0 2 4 3
73 250 3.0 4 5 3
74 250 3.0 2 4 3
75 250 4.4 4 5 3
76 250 4.4 2 4 3
77 250 4.4 4 5 3
78 250 4.4 5 5 2
79 250 4.4 5 4 2
81 250 4.0 2 4 9
82 212 2.0 2 4 12
83 213 2.0 2 4 3
84 230 2.0 2 4 3
85 229 2.0 5 5 6
86 214 2.0 2 4 9
87 250 3.0 4 5 3
88 228 2.0 5 5 7
89 218 2.0 2 4 3
91 250 2.0 2 4 9
92 0 2.0 2 4 3
93 236 2.0 4 5 3
94 240 2.0 5 5 6
95 250 3.0 4 5 3
96 225 2.0 5 5 7
98 250 3.0 2 4 12
99 250 3.0 2 4 3
100 250 3.0 4 4 3
101 250 3.0 4 5 3
102 250 3.0 4 5 3
103 210 2.0 5 5 2
104 212 2.0 5 5 2
105 230 3.0 5 5 2
106 240 3.0 5 4 2
107 250 4.4 5 4 2
108 232 2.0 2 2 9
109 150 0.0 5 4 4
110 250 1.5 2 4 10
112 0 0.0 0 0 0
113 0 0.0 0 0 0
114 0 0.0 0 0 0
115 0 0.0 0 0 0
118 210 1.6 5 5 4
119 0 0.0 0 0 0
120 0 0.0 0 0 0
121 0 0.0 0 0 0
122 0 0.0 0 0 0
123 0 0.0 0 0 0
124 226 1.8 4 5 3
125 0 0.0 0 0 0
126 210 3.0 5 5 2
127 240 2.0 2 4 10
128 0 2.0 5 5 4
129 250 5.5 4 4 3
130 250 6.2 4 5 3
131 250 5.5 5 7 2
132 210 5.5 5 5 2
133 250 5.5 5 5 2
134 250 5.5 2 2 9
135 317 6.2 2 2 10
136 250 5.5 2 2 9
137 0 5.5 4 5 3
138 0 0.0 0 0 0
139 0 0.0 0 0 0
140 0 0.0 0 0 0
141 0 0.0 0 0 0
142 0 0.0 0 0 0
143 250 2.0 4 5 3
144 130 2.1 3 3 5
145 180 2.5 5 7 1
146 180 2.1 4 9 1
147 202 1.6 5 5 4
148 240 2.0 4 5 3
149 250 3.5 4 4 3
150 250 3.5 5 5 7
152 226 1.8 5 5 7
153 245 2.0 2 4 3
154 240 2.0 2 4 3
156 250 3.0 5 7 2
157 210 5.5 5 5 2
158 0 3.0 5 5 2
159 240 3.0 5 7 1
160 237 1.8 2 2 9
161 250 3.5 2 2 9
162 250 3.0 4 5 3
163 250 3.5 4 5 3
164 0 3.0 5 8 1
167 0 0.0 0 0 0
168 0 0.0 0 0 0
169 0 0.0 0 0 0
170 0 0.0 0 0 0
174 0 0.0 0 0 0
175 0 0.0 0 0 0
176 0 0.0 0 0 0
178 0 0.0 0 0 0
179 0 0.0 0 0 0
180 0 0.0 0 0 0
181 0 0.0 0 0 0
182 190 1.6 5 5 4
183 0 0.0 0 0 0
184 0 0.0 0 0 0
185 0 0.0 0 0 0
187 192 1.4 5 5 2
188 180 2.4 5 7 1
189 175 2.4 5 7 1
190 205 1.6 4 5 3
191 240 2.0 4 5 3
192 235 2.0 4 5 3
193 180 2.4 4 5 3
194 177 1.5 4 5 3
195 220 3.0 4 5 3
196 185 1.6 4 5 3
197 185 1.6 5 5 4
200 0 0.0 0 0 0
201 210 2.0 5 5 2
202 174 3.6 5 7 2
204 0 0.0 0 0 0
206 0 0.0 0 0 0
207 0 0.0 0 0 0
208 0 0.0 0 0 0
209 0 2.4 5 7 1
210 0 1.5 4 5 3
211 202 2.4 5 5 6
212 195 1.8 4 5 3
213 0 0.0 0 0 0
214 0 0.0 0 0 0
215 0 1.5 5 5 4
216 0 1.5 3 4 10
217 0 1.3 5 5 4
218 0 0.0 0 0 0
219 0 0.0 0 0 0
221 0 0.0 0 0 0
222 0 0.0 0 0 0
223 0 0.0 0 0 0
226 0 0.0 0 0 0
227 0 0.0 0 0 0
228 0 0.0 0 0 0
229 0 0.0 0 0 0
230 0 0.0 0 0 0
231 0 0.0 0 0 0
232 0 0.0 0 0 0
233 0 0.0 0 0 0
234 0 0.0 0 0 0
235 0 0.0 0 0 0
236 0 0.0 0 0 0
239 0 0.0 0 0 0
240 0 0.0 0 0 0
241 0 0.0 0 0 0
242 0 0.0 0 0 0
243 0 0.0 0 0 0
247 180 1.3 5 5 6
248 185 2.4 5 7 1
249 187 1.8 5 5 4
250 210 2.0 4 5 3
251 199 1.8 4 5 3
252 182 2.0 5 5 2
253 0 0.0 0 0 0
254 0 0.0 0 0 0
255 165 1.4 5 5 4
256 165 1.6 2 4 3
257 202 1.6 5 5 2
258 0 0.0 0 0 0
259 195 1.6 5 5 4
260 179 1.6 4 5 3
261 194 1.6 4 5 3
262 215 1.6 4 5 3
263 210 2.0 4 5 3
265 195 1.6 5 5 11
266 195 1.6 2 4 9
267 198 1.6 5 5 7
268 184 2.0 5 5 2
269 212 1.6 2 4 10
271 0 0.0 0 0 0
272 0 0.0 0 0 0
273 0 0.0 0 0 0
280 0 0.0 0 0 0
281 0 0.0 0 0 0
282 0 0.0 0 0 0
283 0 0.0 0 0 0
284 0 0.0 0 0 0
285 0 0.0 0 0 0
286 0 0.0 0 0 0
287 0 0.0 0 0 0
288 0 0.0 0 0 0
289 0 0.0 0 0 0
290 0 0.0 0 0 0
291 0 0.0 0 0 0
292 0 0.0 0 0 0
293 205 1.6 2 4 9
294 151 1.0 5 5 4
295 150 1.0 4 5 3
296 170 1.5 5 5 4
297 175 1.8 4 5 3
298 170 1.5 4 5 3
299 0 1.5 5 5 4
300 0 1.5 4 5 3
301 0 1.5 4 5 3
302 170 1.5 4 5 3
303 180 2.0 5 7 1
304 180 1.5 5 5 2
305 0 0.0 0 0 0
306 140 0.0 5 5 1
307 185 1.5 4 5 3
308 0 1.5 4 5 3
309 0 1.5 4 5 3
314 0 1.5 4 5 3
315 262 2.7 2 2 12
316 223 2.0 5 5 2
317 262 3.0 5 4 10
318 270 3.0 5 4 10
319 283 3.4 2 4 10
320 345 4.6 2 2 9
321 239 3.0 5 5 2
322 242 3.0 5 5 2
323 0 0.0 0 0 0
324 0 0.0 0 0 0
325 0 0.0 0 0 0
326 264 2.7 2 2 10
327 150 2.4 2 4 2
328 160 1.3 4 5 3
329 0 0.0 0 0 0
330 0 0.0 0 0 0
331 0 0.0 0 0 0
332 0 0.0 0 0 0
333 0 0.0 0 0 0
334 0 0.0 0 0 0
335 0 0.0 0 0 0
336 0 0.0 0 0 0
337 0 0.0 0 0 0
338 0 0.0 0 0 0
339 0 0.0 0 0 0
342 170 1.3 5 5 4
343 182 1.5 5 5 4
344 175 1.5 4 5 3
345 150 1.5 5 7 1
346 140 1.0 5 5 4
347 182 1.5 5 5 4
348 160 1.5 5 5 2
349 160 1.5 5 7 2
350 120 1.0 5 7 5
351 0 1.2 5 9 5
352 150 1.5 5 7 5
353 130 1.2 5 2 5
354 120 0.0 5 5 4
355 115 2.0 4 5 2
356 150 2.4 5 7 2
357 110 2.8 4 5 8
358 150 2.0 5 5 2
359 145 2.2 4 5 8
360 150 2.7 3 5 2
361 150 2.0 5 5 2
362 125 2.8 4 5 8
363 115 2.0 3 4 2
364 190 1.6 4 5 3
365 215 1.8 4 5 3
366 198 1.8 5 5 2
367 215 1.8 4 5 3
368 295 4.0 4 5 3
369 303 4.0 2 4 10
370 0 0.0 0 0 0
372 0 0.0 0 0 0
373 0 0.0 0 0 0
374 296 6.8 4 5 3
375 407 8.0 2 2 10
376 0 0.0 0 0 0
377 0 1.5 5 5 11
378 185 1.5 4 5 3
379 160 1.3 5 5 4
380 158 1.5 5 5 2
381 171 1.5 5 5 2
382 170 1.5 5 7 1
383 0 2.2 4 5 8
384 140 2.0 4 5 8
385 140 2.0 4 5 8
386 130 2.2 4 0 8
387 0 0.0 0 0 0
388 160 1.5 5 5 4
389 165 1.3 5 5 4
391 162 1.3 5 5 4
392 160 1.3 5 5 11
393 0 0.0 0 0 0
394 0 0.0 0 0 0
396 0 1.5 4 5 3
397 175 1.4 5 5 4
398 158 1.0 5 5 4
399 180 1.6 5 5 2
400 0 1.8 5 5 2
401 175 1.4 5 5 4
402 170 1.6 5 5 4
403 170 1.6 4 5 3
405 185 1.5 4 5 3
406 175 1.3 4 5 3
407 190 1.5 4 5 3
409 170 1.5 5 5 4
410 170 1.5 4 5 3
411 185 1.5 5 5 4
412 210 1.8 4 5 3
413 175 1.6 4 5 3
414 0 0.0 0 0 0
416 0 0.0 0 0 0
417 0 0.0 0 0 0
419 145 1.3 5 5 4
420 140 1.3 5 5 5
421 94 0.8 2 2 0
423 110 1.0 4 5 0
424 100 1.0 5 5 5
425 0 1.4 5 8 5
426 120 1.0 5 5 5
427 0 1.2 5 5 4
428 0 2.7 0 15 5
429 0 1.5 0 4 5
430 90 1.0 2 2 0
431 120 1.0 5 5 4
432 0 1.2 5 8 5
433 120 1.0 5 7 5
434 185 1.6 5 5 11
435 182 1.4 5 5 4
436 178 1.4 4 5 3
437 0 0.0 0 0 0
438 200 1.4 5 5 11
439 200 1.4 5 5 4
440 205 1.4 4 5 3
441 200 1.4 4 5 3
442 210 1.8 4 5 3
443 181 1.4 4 5 3
444 181 1.6 4 5 3
445 190 1.4 5 5 1
446 185 1.4 5 5 2
449 0 0.0 0 0 0
450 200 1.4 5 5 4
451 207 1.4 5 5 11
453 236 2.0 2 4 9
454 250 3.6 5 5 10
455 235 2.0 2 4 12
456 250 2.0 5 5 4
457 250 2.0 2 4 12
458 216 1.4 2 4 12
459 218 1.4 5 5 7
460 240 3.0 4 5 3
461 180 1.2 3 4 6
462 200 2.0 4 9 1
463 200 2.0 5 7 1
464 233 2.0 5 5 7
465 200 1.4 3 4 4
466 250 2.0 3 4 10
467 230 3.0 5 5 2
468 240 3.0 5 5 2
469 203 1.8 5 7 1
470 0 0.0 0 0 0
471 0 0.0 0 0 0
472 0 0.0 0 0 0
473 227 2.0 5 5 7
474 0 0.0 0 0 0
475 0 0.0 0 0 0
476 0 0.0 0 0 0
477 0 0.0 0 0 0
478 0 0.0 0 0 0
479 0 0.0 0 0 0
481 0 0.0 0 0 0
482 0 0.0 0 0 0
483 0 0.0 0 0 0
484 0 0.0 0 0 0
485 0 0.0 0 0 0
486 0 0.0 0 0 0
487 0 0.0 0 0 0
490 0 0.0 0 0 0
491 197 2.0 5 5 2
492 0 0.0 0 0 0
493 0 0.0 0 0 0
494 0 0.0 0 0 0
495 0 0.0 0 0 0
496 0 0.0 0 0 0
497 0 0.0 0 0 0
498 0 0.0 0 0 0
500 200 1.4 4 5 3
501 204 1.4 5 5 4
502 235 2.0 5 5 4
503 181 1.4 4 5 3
504 200 1.4 4 5 3
505 200 1.4 4 5 3
506 235 2.0 4 5 3
508 250 3.6 4 4 3
509 202 1.6 5 5 4
510 195 1.6 5 5 2
511 205 1.6 4 5 3
512 190 1.6 3 5 12
514 0 0.0 0 0 0
515 0 0.0 0 0 0
516 212 1.6 5 5 4
517 200 5.7 4 5 8
518 0 2.4 5 7 2
519 160 2.0 5 7 4
520 0 0.0 0 0 0
521 0 0.0 0 0 0
522 0 0.0 0 0 0
523 0 0.0 0 0 0
524 0 0.0 0 0 0
525 0 0.0 0 0 0
526 0 0.0 0 0 0
527 0 0.0 0 0 0
528 0 0.0 0 0 0
529 0 0.0 0 0 0
530 0 0.0 0 0 0
531 0 0.0 0 0 0
532 0 0.0 0 0 0
533 0 1.5 4 5 3
534 0 1.5 5 5 4
535 0 2.0 0 0 0
536 0 1.3 5 4 5
538 0 0.0 0 0 0
540 0 0.0 0 0 0
543 0 1.5 4 5 3
544 0 0.0 0 0 0
545 0 0.0 0 0 0
547 150 2.5 5 12 5
548 170 2.0 5 7 1
549 165 1.5 4 5 3
550 0 0.0 0 0 0
551 0 1.5 5 5 2
552 160 1.6 5 5 2
553 145 1.5 4 5 1
554 170 1.5 5 5 4
555 188 1.5 4 5 3
557 185 1.5 5 5 4
558 183 1.6 5 5 4
559 188 1.5 4 5 3
560 0 0.0 0 0 0
563 186 1.5 4 5 3
565 140 2.2 4 5 8
566 160 2.4 5 5 8
567 170 1.5 5 5 1
568 175 2.0 5 7 1
569 0 1.3 5 7 5
571 120 1.2 4 0 5
573 125 1.2 5 0 5
574 115 1.0 5 5 5
576 105 1.0 5 5 5
577 110 1.0 2 2 0
578 110 1.0 5 5 5
579 0 1.2 5 7 5
580 145 1.2 5 8 1
583 0 0.0 0 0 0
585 0 0.0 0 0 0
586 185 1.5 4 5 3
587 195 1.8 5 5 4
588 180 1.8 4 5 3
589 186 2.3 5 5 1
590 195 1.6 5 5 4
591 195 1.6 4 5 3
593 0 0.0 0 0 0
594 0 3.0 5 5 4
595 200 2.3 4 5 3
596 200 1.5 4 5 3
597 195 1.0 5 5 4
599 170 2.4 0 6 5
600 248 2.0 5 5 4
601 0 5.4 2 5 8
602 0 6.7 4 5 8
603 0 6.7 4 5 8
604 0 6.7 4 5 8
605 220 1.6 3 5 4
606 0 2.0 5 5 2
607 0 3.5 5 7 2
608 260 3.7 2 4 10
609 0 0.0 0 0 0
610 0 0.0 0 0 0
611 0 0.0 0 0 0
612 0 0.0 0 0 0
613 0 0.0 0 0 0
616 0 0.0 0 0 0
617 0 0.0 0 0 0
618 0 0.0 0 0 0
619 0 0.0 0 0 0
620 0 0.0 0 0 0
621 0 0.0 0 0 0
622 0 0.0 0 0 0
623 0 0.0 0 0 0
624 0 0.0 0 0 0
625 0 0.0 0 0 0
626 0 0.0 0 0 0
627 0 0.0 0 0 0
628 0 0.0 0 0 0
629 0 0.0 0 0 0
630 0 0.0 0 0 0
631 0 0.0 0 0 0
632 0 0.0 0 0 0
633 0 0.0 0 0 0
634 0 0.0 0 0 0
635 0 0.0 0 0 0
636 0 5.4 4 7 0
638 0 0.0 0 0 0
640 0 0.0 0 0 0
641 196 1.4 4 5 3
642 196 1.4 5 5 4
643 0 0.0 0 0 0
645 197 1.4 5 5 4
646 182 1.4 2 4 12
647 0 2.4 5 7 2
648 0 0.0 0 0 0
649 0 0.0 0 0 0
650 0 0.0 0 0 0
651 0 0.0 0 0 0
653 0 0.0 0 0 0
654 0 0.0 0 0 0
655 0 0.0 0 0 0
656 0 0.0 0 0 0
657 0 0.0 0 0 0
659 0 0.0 0 0 0
661 182 1.4 3 4 4
662 316 3.9 2 4 9
663 325 4.5 2 2 10
664 330 6.0 2 2 10
667 335 6.3 2 4 10
668 0 0.0 0 0 0
669 0 0.0 0 0 0
670 340 6.3 3 2 10
671 130 1.2 5 5 5
672 175 1.6 4 5 3
673 0 1.6 4 5 3
674 185 1.8 5 5 2
676 0 0.0 0 0 0
677 0 0.0 0 0 0
678 0 0.0 0 0 0
680 190 1.6 4 5 3
681 0 6.0 5 12 1
682 0 0.0 0 0 0
683 0 0.0 0 0 0
684 0 0.0 0 0 0
685 0 0.0 0 0 0
686 0 0.0 0 0 0
687 0 5.3 5 7 0
688 140 2.0 5 5 2
689 0 2.0 5 5 2
690 0 1.5 5 5 2
691 0 2.0 5 5 2
693 0 2.4 5 7 2
694 0 0.0 0 0 0
695 0 0.0 0 0 0
696 0 0.0 0 0 0
699 0 1.5 5 5 2
700 0 1.2 0 0 0
701 0 0.0 0 0 0
702 0 0.0 0 0 0
703 0 0.0 0 0 0
704 0 0.0 0 0 0
705 0 0.0 0 0 0
706 0 0.0 0 0 0
707 140 1.0 5 5 4
708 138 1.0 5 7 5
709 125 1.3 5 8 5
710 110 1.0 5 5 5
711 120 1.0 5 5 5
712 165 1.5 5 5 4
714 150 1.3 5 8 5
716 140 1.0 5 5 4
717 140 2.0 5 5 2
718 130 2.0 4 5 8
719 0 2.4 4 5 8
720 0 2.0 5 7 2
721 0 2.0 5 5 2
722 0 1.9 5 5 4
723 145 2.8 5 3 1
724 0 2.2 4 5 8
725 130 2.2 4 5 8
726 140 2.2 4 5 8
727 120 2.2 4 5 8
728 120 2.2 4 5 8
729 100 2.4 4 15 5
731 130 2.4 4 5 8
732 130 2.2 4 5 8
733 140 2.8 4 6 5
734 0 6.4 5 5 2
735 180 2.8 4 5 2
736 180 2.0 5 5 2
737 0 2.4 5 5 2
738 180 2.0 5 5 2
739 0 0.0 0 0 0
741 0 0.0 0 0 0
742 0 0.0 0 0 0
745 0 3.0 5 5 2
746 260 3.0 2 2 10
747 241 2.0 4 5 3
748 0 0.0 0 0 0
749 0 0.0 0 0 0
752 0 0.0 0 0 0
753 0 0.0 0 0 0
754 0 0.0 0 0 0
755 0 0.0 0 0 0
756 209 2.0 4 5 3
759 0 0.0 0 0 0
760 140 2.4 4 9 5
761 130 2.5 4 10 5
762 140 2.4 4 8 5
763 200 2.0 4 5 3
764 0 0.0 0 0 0
765 215 2.0 4 5 3
766 215 2.0 4 5 3
767 220 2.0 4 5 3
770 210 3.0 5 5 2
771 0 6.2 5 7 2
772 210 6.0 5 7 2
773 0 0.0 0 0 0
776 0 0.0 0 0 0
777 0 0.0 0 0 0
778 0 0.0 0 0 0
780 420 5.0 2 2 10
781 0 0.0 0 0 0
783 0 0.0 0 0 0
784 400 4.7 2 2 10
785 190 2.0 5 7 1
786 191 2.0 4 5 3
787 174 2.0 5 5 2
788 220 2.0 5 5 6
789 220 2.0 3 4 10
790 190 2.0 2 4 9
791 205 2.5 4 5 3
792 181 2.0 4 5 3
793 180 5.0 3 4 0
794 0 0.0 0 0 0
795 0 0.0 0 0 0
796 0 0.0 0 0 0
797 0 0.0 0 0 0
798 0 0.0 0 0 0
799 0 0.0 0 0 0
800 0 0.0 0 0 0
801 0 0.0 0 0 0
802 0 0.0 0 0 0
803 0 0.0 0 0 0
804 0 0.0 0 0 0
805 0 0.0 0 0 0
807 190 2.0 5 5 1
808 170 1.6 5 7 1
811 160 2.0 5 5 2
814 170 2.0 5 5 2
816 0 3.5 4 5 3
817 0 3.5 5 6 2
818 0 3.5 5 5 2
819 0 3.5 4 5 3
820 0 5.4 5 7 2
821 0 0.0 0 0 0
822 0 0.0 0 0 0
823 0 0.0 0 0 0
824 0 0.0 0 0 0
825 0 0.0 0 0 0
826 0 0.0 0 0 0
827 195 1.2 3 4 4
828 179 1.6 3 4 4
829 168 1.6 5 5 2
830 198 1.6 3 2 10
831 184 1.6 3 4 2
832 192 1.6 2 2 12
833 0 0.0 0 0 0
835 0 0.0 0 0 0
836 0 0.0 0 0 0
837 0 0.0 0 0 0
838 0 0.0 0 0 0
839 191 1.6 2 4 12
840 236 1.6 3 4 4
841 223 1.6 5 5 2
842 238 1.6 3 4 4
843 224 1.6 5 5 2
846 0 0.0 0 0 0
848 0 0.0 0 0 0
849 0 0.0 0 0 0
850 0 1.5 5 5 4
851 0 1.5 4 5 3
852 0 0.0 0 0 0
853 0 2.0 5 5 2
854 190 2.0 4 5 3
855 180 1.6 4 5 3
856 180 1.6 4 5 3
857 175 1.5 4 5 3
858 0 0.0 0 0 0
859 174 1.6 5 5 2
860 184 1.6 5 5 4
861 175 1.6 5 5 4
864 180 1.5 5 5 4
865 160 2.4 5 5 2
866 0 2.4 4 5 8
867 160 2.4 5 5 8
868 168 1.6 5 7 1
869 0 0.0 0 0 0
870 0 4.5 2 21 5
871 0 3.7 2 2 10
872 315 3.8 2 4 10
873 0 1.6 5 5 4
874 210 5.6 5 7 2
875 0 0.0 0 0 0
876 0 0.0 0 0 0
877 0 0.0 0 0 0
879 0 0.0 0 0 0
883 0 0.0 0 0 0
884 0 0.0 0 0 0
885 0 0.0 0 0 0
887 0 0.0 0 0 0
888 0 0.0 0 0 0
889 0 0.0 0 0 0
890 0 0.0 0 0 0
891 0 0.0 0 0 0
892 0 0.0 0 0 0
893 0 0.0 0 0 0
894 0 0.0 0 0 0
896 0 0.0 0 0 0
897 0 0.0 0 0 0
899 0 0.0 0 0 0
901 0 0.0 0 0 0
902 0 0.0 0 0 0
903 0 0.0 0 0 0
904 0 0.0 0 0 0
905 0 3.5 5 7 1
906 0 0.0 0 0 0
907 0 0.0 0 0 0
908 0 0.0 0 0 0
909 0 0.0 0 0 0
910 175 1.4 5 5 4
911 208 1.4 5 5 6
912 235 2.0 5 5 6
913 200 1.4 5 5 6
914 190 1.4 5 5 2
915 200 1.4 4 5 3
916 200 1.4 5 5 4
917 181 1.4 4 5 3
918 180 1.6 5 5 4
919 192 1.8 5 5 2
920 0 0.0 0 0 0
921 0 0.0 0 0 0
923 0 0.0 0 0 0
924 0 0.0 0 0 0
926 0 0.0 0 0 0
927 0 0.0 0 0 0
930 0 0.0 0 0 0
931 0 0.0 0 0 0
932 234 2.0 5 5 7
933 0 2.0 5 5 2
934 0 2.0 5 5 2
935 175 2.0 5 5 2
936 181 2.0 5 7 1
937 166 2.0 5 5 2
938 195 2.8 4 5 3
939 0 0.0 0 0 0
940 0 0.0 0 0 0
941 0 0.0 0 0 0
942 0 0.0 0 0 0
943 0 0.0 0 0 0
944 0 2.0 5 5 2
945 0 0.0 0 0 0
947 0 0.0 0 0 0
948 193 0.0 4 5 3
949 0 0.0 0 0 0
950 0 0.0 0 0 0
951 0 0.0 0 0 0
952 0 1.8 5 7 1
953 170 2.0 5 5 2
955 185 1.6 5 5 4
956 190 2.0 5 5 2
957 195 1.6 4 5 3
958 204 2.0 4 5 3
959 195 1.8 4 5 3
960 183 1.8 4 5 3
961 0 2.2 5 7 2
962 180 1.4 4 5 3
963 175 1.4 5 5 4
964 196 2.0 4 5 3
965 0 2.0 5 5 2
966 0 0.0 0 0 0
967 0 0.0 0 0 0
968 187 1.6 4 5 3
971 0 0.0 0 0 0
972 190 2.0 5 5 3
973 0 2.2 5 6 2
974 0 2.4 5 9 1
975 0 3.0 4 5 3
976 236 3.0 4 5 3
977 0 2.0 2 4 10
979 190 3.8 5 7 2
980 240 3.8 4 5 3
981 0 2.4 4 5 3
982 0 0.0 0 0 0
983 0 0.0 0 0 0
984 0 0.0 0 0 0
985 0 0.0 0 0 0
987 0 0.0 0 0 0
991 0 0.0 0 0 0
992 0 0.0 0 0 0
993 0 0.0 0 0 0
994 0 0.0 0 0 0
995 0 0.0 0 0 0
996 0 0.0 0 0 0
997 0 0.0 0 0 0
999 0 0.0 0 0 0
1000 0 0.0 0 0 0
1001 0 0.0 0 0 0
1002 0 0.0 0 0 0
1003 0 0.0 0 0 0
1004 195 1.6 4 4 4
1005 0 1.6 5 5 2
1006 245 2.0 4 5 3
1007 250 3.5 4 5 3
1008 0 3.7 2 4 9
1009 0 3.7 2 4 10
1010 240 2.5 4 5 3
1011 0 3.5 4 5 3
1012 215 2.5 5 5 2
1013 0 3.5 5 7 2
1014 0 2.5 5 7 2
1015 220 3.7 5 5 2
1016 240 5.6 5 7 2
1017 0 0.0 0 0 0
1018 0 0.0 0 0 0
1019 0 0.0 0 0 0
1020 0 0.0 0 0 0
1021 0 0.0 0 0 0
1022 0 0.0 0 0 0
1023 249 2.5 4 5 3
1024 0 0.0 0 0 0
1025 120 0.8 5 4 4
1027 140 1.3 5 5 2
1028 160 1.6 5 5 1
1029 0 1.3 5 5 2
1030 180 1.5 5 5 2
1031 0 1.2 5 8 5
1032 150 1.0 5 5 4
1033 150 1.3 4 5 3
1034 160 1.3 5 5 4
1035 172 1.5 4 5 3
1038 80 0.0 3 2 4
1039 0 0.0 0 0 0
1040 0 0.0 0 0 0
1041 0 0.0 0 0 0
1042 0 0.0 0 0 0
1043 0 0.0 0 0 0
1044 0 0.0 0 0 0
1045 0 0.0 0 0 0
1046 0 0.0 0 0 0
1047 0 0.0 0 0 0
1048 0 0.0 0 0 0
1050 0 0.0 0 0 0
1051 259 6.0 2 4 10
1052 306 6.0 4 4 10
1053 330 6.0 2 2 9
1054 305 4.7 2 2 10
1055 295 6.0 2 2 10
1056 299 6.0 2 4 10
1057 305 6.0 2 2 10
1058 0 0.0 0 0 0
1059 0 0.0 0 0 0
1060 0 0.0 0 0 0
1061 0 0.0 0 0 0
1062 0 0.0 0 0 0
1063 302 6.0 2 4 10
1064 0 0.0 0 0 0
1065 178 1.5 4 5 3
1066 166 1.3 5 5 4
1067 166 1.3 5 5 11
1068 180 1.5 4 5 3
1069 170 1.3 5 5 4
1070 156 1.0 4 5 3
1071 166 1.3 5 5 4
1072 145 1.0 5 5 4
1073 0 1.0 4 5 3
1076 0 0.0 0 0 0
1077 0 0.0 0 0 0
1078 0 0.0 0 0 0
1079 0 0.0 0 0 0
1081 0 2.2 4 5 8
1082 100 1.0 4 5 0
1083 105 1.0 2 2 0
1084 100 1.0 5 5 5
1085 0 1.0 5 0 5
1086 105 1.0 5 5 5
1087 140 1.3 6 5 5
1088 0 1.3 5 5 1
1089 170 1.5 5 5 2
1090 100 1.0 2 2 0
1091 0 0.0 0 0 0
1092 0 0.0 0 0 0
1093 0 0.0 0 0 0
1094 0 0.0 0 0 0
1095 0 0.0 0 0 0
1096 0 0.0 0 0 0
1097 0 0.0 0 0 0
1098 0 0.0 0 0 0
1099 0 0.0 0 0 0
1100 0 0.0 0 0 0
1101 0 0.0 0 0 0
1102 0 0.0 0 0 0
1103 0 0.0 0 0 0
1104 0 0.0 0 0 0
1105 0 0.0 0 0 0
1106 0 0.0 0 0 0
1107 0 0.0 0 0 0
1108 0 0.0 0 0 0
1109 0 0.0 0 0 0
1110 0 0.0 0 0 0
1112 0 0.0 0 0 0
1113 0 0.0 0 0 0
1114 0 0.0 0 0 0
1115 0 0.0 0 0 0
1116 0 0.0 0 0 0
1117 0 0.0 0 0 0
1118 0 0.0 0 0 0
1119 200 3.8 5 6 1
1121 0 0.0 0 0 0
1122 0 0.0 0 0 0
1123 0 0.0 0 0 0
1125 0 0.0 0 0 0
1126 0 0.0 0 0 0
1127 0 0.0 0 0 0
1128 0 0.0 0 0 0
1129 0 0.0 0 0 0
1131 240 3.0 4 5 3
1132 208 3.6 5 7 1
1134 195 3.0 5 5 2
1135 210 3.0 5 5 2
1136 0 3.0 0 0 0
1137 217 2.0 5 5 2
1138 210 3.0 5 5 2
1140 0 2.0 5 5 2
1141 0 0.0 0 0 0
1142 0 0.0 0 0 0
1143 0 0.0 0 0 0
1144 0 0.0 0 0 0
1145 165 1.5 5 5 2
1148 140 2.4 5 5 2
1149 160 2.0 5 5 4
1151 140 2.4 5 7 2
1154 155 2.0 5 5 2
1155 350 6.5 2 2 9
1156 0 0.0 0 0 0
1157 0 0.0 0 0 0
1158 0 0.0 0 0 0
1159 325 5.2 2 2 10
1160 0 0.0 0 0 0
1162 0 0.0 0 0 0
1163 0 0.0 0 0 0
1164 0 0.0 0 0 0
1165 325 5.2 2 2 10
1168 263 3.0 4 5 3
1169 263 3.0 4 5 3
1170 0 0.0 0 0 0
1172 0 0.0 0 0 0
1173 0 0.0 0 0 0
1174 285 4.2 2 4 10
1175 0 2.2 5 4 1
1176 0 2.2 5 5 2
1177 0 1.8 4 5 3
1178 0 1.8 5 5 2
1179 0 2.0 5 7 1
1180 189 1.6 4 5 3
1181 180 1.4 4 5 3
1182 190 1.6 4 5 3
1183 190 1.6 5 5 4
1184 210 1.6 4 5 3
1185 200 2.0 4 5 3
1186 167 1.4 4 5 3
1187 186 1.6 4 5 3
1188 171 2.0 5 5 2
1189 170 1.6 5 5 4
1190 190 2.0 5 5 2
1194 175 1.4 5 5 4
1195 190 3.8 5 7 2
1196 0 2.0 4 5 3
1197 0 2.7 5 7 1
1198 0 2.2 5 7 1
1199 210 1.6 2 5 10
1200 190 2.2 5 5 2
1201 0 2.0 5 5 1
1202 0 0.0 0 0 0
1203 0 0.0 0 0 0
1204 0 0.0 0 0 0
1205 0 0.0 0 0 0
1206 0 0.0 0 0 0
1207 0 0.0 0 0 0
1209 0 0.0 0 0 0
1210 0 0.0 0 0 0
1211 0 0.0 0 0 0
1212 0 0.0 0 0 0
1213 0 0.0 0 0 0
1214 0 0.0 0 0 0
1215 0 0.0 0 0 0
1218 0 0.0 0 0 0
1219 0 0.0 0 0 0
1220 0 0.0 0 0 0
1221 210 2.4 4 5 3
1222 180 1.5 4 5 3
1223 200 1.5 4 5 3
1224 215 1.8 4 5 3
1225 0 1.8 4 5 3
1226 0 2.0 4 5 3
1227 130 0.0 3 4 4
1228 0 1.8 5 5 2
1229 188 1.8 4 5 3
1230 0 2.5 5 5 2
1231 0 2.5 4 5 3
1232 200 2.0 5 5 4
1233 0 2.0 5 5 2
1234 226 2.0 2 4 10
1235 0 2.0 5 5 2
1236 191 2.0 5 5 4
1237 255 2.5 4 5 3
1238 0 0.0 0 0 0
1239 0 0.0 0 0 0
1240 0 0.0 0 0 0
1241 0 0.0 0 0 0
1243 207 3.6 5 7 2
1244 0 1.8 4 5 3
1245 190 2.0 5 7 1
1246 160 2.5 5 15 5
1247 150 0.0 4 5 3
1248 0 0.0 0 0 0
1250 0 0.0 0 0 0
1251 185 1.6 4 5 3
1252 205 2.0 4 5 3
1253 193 1.6 4 5 3
1254 187 1.6 5 5 11
1255 195 1.6 5 5 4
1256 195 1.6 4 5 3
1257 165 1.4 5 5 4
1258 0 0.0 0 0 0
1259 0 0.0 0 0 0
1264 185 1.6 4 5 4
1265 184 2.0 5 5 2
1266 202 1.6 3 5 4
1267 0 0.0 0 0 0
1269 0 0.0 0 0 0
1270 0 0.0 0 0 0
1274 0 0.0 0 0 0
1275 0 0.0 0 0 0
1276 0 0.0 0 0 0
1277 0 0.0 0 0 0
1278 0 0.0 0 0 0
1279 0 0.0 0 0 0
1280 0 0.0 0 0 0
1281 0 0.0 0 0 0
1282 0 0.0 0 0 0
1283 0 0.0 0 0 0
1284 0 0.0 0 0 0
1285 0 0.0 0 0 0
1286 0 0.0 0 0 0
1287 190 2.0 5 7 1
1288 130 2.5 3 6 5
1290 0 0.0 0 0 0
1293 130 2.5 3 7 5
1294 0 0.0 0 0 0
1295 0 0.0 0 0 0
1296 0 0.0 0 0 0
1297 0 0.0 0 0 0
1298 0 0.0 0 0 0
1299 0 0.0 0 0 0
1300 0 0.0 0 0 0
1301 0 0.0 0 0 0
1302 0 0.0 0 0 0
1303 0 0.0 0 0 0
1304 0 0.0 0 0 0
1305 0 0.0 0 0 0
1306 0 0.0 0 0 0
1307 0 0.0 0 0 0
1308 0 0.0 0 0 0
1309 0 0.0 0 0 0
1310 0 0.0 0 0 0
1311 150 1.6 5 5 2
1312 0 1.1 5 7 5
1313 150 1.6 5 5 2
1314 0 0.0 0 0 0
1315 0 0.0 0 0 0
1316 0 0.0 0 0 0
1317 0 0.0 0 0 0
1318 0 0.0 0 0 0
1319 0 0.0 0 0 0
1320 0 0.0 0 0 0
1321 185 2.0 5 5 2
1322 219 2.5 4 5 3
1323 0 1.6 4 5 3
1324 130 2.7 2 23 5
1325 200 4.0 5 8 2
1326 170 2.7 5 5 2
1327 180 1.8 5 5 4
1328 220 2.5 4 5 3
1329 170 1.3 4 5 3
1330 195 1.6 4 5 3
1331 175 4.0 5 5 2
1332 180 2.7 5 5 2
1333 180 2.4 5 7 1
1334 230 4.0 4 5 2
1335 226 2.0 2 4 10
1336 0 4.7 5 7 2
1337 205 2.5 3 5 10
1338 0 2.7 2 0 5
1341 180 2.4 5 7 1
1342 0 2.7 5 7 1
1343 0 0.0 0 0 0
1344 0 0.0 0 0 0
1345 0 0.0 0 0 0
1346 0 0.0 0 0 0
1347 0 0.0 0 0 0
1348 0 0.0 0 0 0
1349 0 0.0 0 0 0
1350 0 0.0 0 0 0
1351 0 0.0 0 0 0
1356 0 0.0 0 0 0
1358 0 0.0 0 0 0
1360 0 0.0 0 0 0
1361 0 0.0 0 0 0
1362 0 0.0 0 0 0
1363 0 0.0 0 0 0
1365 0 0.0 0 0 0
1366 0 0.0 0 0 0
1367 0 0.0 0 0 0
1368 0 0.0 0 0 0
1370 0 0.0 0 0 0
1372 0 0.0 0 0 0
1374 0 0.0 0 0 0
1375 0 0.0 0 0 0
1376 0 0.0 0 0 0
1377 0 0.0 0 0 0
1378 0 0.0 0 0 0
1379 0 0.0 0 0 0
1380 0 0.0 0 0 0
1381 0 0.0 0 0 0
1382 0 0.0 0 0 0
1385 0 1.3 5 5 4
1386 190 2.0 4 5 3
1387 200 2.5 4 5 3
1388 0 1.6 4 5 3
1389 168 1.3 5 5 4
1390 182 1.6 5 5 1
1391 0 0.0 0 0 0
1392 0 2.7 5 5 2
1395 135 2.0 4 11 5
1396 135 2.0 4 9 5
1397 0 0.0 0 0 0
1398 160 2.0 4 11 5
1399 160 2.4 4 9 5
1400 0 1.3 5 7 1
1401 0 2.0 4 5 8
1402 150 2.4 4 5 8
1404 140 2.4 5 7 2
1405 120 2.0 5 7 2
1406 120 2.0 4 5 8
1407 120 2.0 4 5 8
1408 125 2.4 4 5 8
1409 125 2.2 5 5 2
1410 197 1.6 4 5 3
1411 0 0.0 0 0 0
1412 193 1.6 5 5 4
1413 190 1.6 4 5 3
1414 0 0.0 0 0 0
1415 0 0.0 0 0 0
1416 160 2.0 5 5 2
1417 160 2.0 5 5 2
1418 120 2.2 4 5 8
1419 120 2.2 4 5 8
1420 120 2.2 4 5 8
1422 0 0.0 0 0 0
1423 0 0.0 0 0 0
1424 140 1.3 5 5 1
1425 120 1.0 5 4 5
1426 130 1.2 5 8 5
1427 120 1.0 5 8 5
1428 120 1.0 2 2 8
1433 0 0.0 0 0 0
1434 0 3.7 2 4 12
1435 0 3.3 2 2 10
1436 0 2.0 2 2 9
1437 0 1.6 4 5 3
1438 0 1.6 5 5 4
1439 160 1.5 4 5 3
1440 0 0.0 0 0 0
1441 170 1.5 4 5 3
1442 0 2.0 5 5 3
1443 165 1.6 5 5 2
1444 165 2.0 5 5 2
1445 165 2.0 5 5 2
1446 180 1.6 5 5 4
1447 170 1.6 5 7 1
1448 165 1.3 5 5 4
1449 0 0.0 0 0 0
1450 165 1.6 4 5 3
1451 0 1.8 5 5 2
1452 178 2.0 4 5 3
1453 0 1.8 5 5 2
1454 0 2.4 5 5 2
1455 0 0.0 0 0 0
1457 195 1.8 4 5 3
1458 0 2.0 4 5 3
1459 0 6.0 4 5 3
1461 0 0.0 0 0 0
1465 0 0.0 0 0 0
1469 0 0.0 0 0 0
1470 155 2.3 4 9 5
1472 0 1.5 4 5 3
1473 165 1.3 5 5 4
1474 0 1.8 5 5 2
1475 150 1.3 4 5 3
1476 0 1.5 5 5 4
1477 172 1.5 4 5 3
1478 165 1.5 4 5 3
1479 0 1.8 5 5 2
1480 0 2.4 4 5 4
1481 170 1.5 5 5 11
1482 165 1.5 5 5 4
1483 170 1.5 4 5 3
1484 0 0.0 0 0 0
1485 165 1.5 5 5 11
1486 165 1.5 5 5 4
1487 165 1.5 4 5 3
1488 172 1.3 5 5 4
1489 182 1.3 4 5 3
1490 0 1.0 5 5 4
1491 0 1.3 5 5 4
1492 0 1.5 4 5 3
1493 0 0.0 0 0 0
1494 145 1.0 4 5 3
1495 0 0.0 0 0 0
1496 0 0.0 0 0 0
1497 0 0.0 0 0 0
1498 0 0.0 0 0 0
1499 0 0.0 0 0 0
1500 0 0.0 0 0 0
1501 0 0.0 0 0 0
1502 0 0.0 0 0 0
1505 0 0.0 0 0 0
1506 0 0.0 0 0 0
1507 0 0.0 0 0 0
1508 0 0.0 0 0 0
1509 180 2.0 4 5 3
1510 0 0.0 0 0 0
1512 0 0.0 0 0 0
1513 0 0.0 0 0 0
1514 0 0.0 0 0 0
1516 180 1.8 4 5 3
1520 180 1.5 4 5 3
1521 170 1.5 5 5 1
1522 95 0.0 4 4 3
1524 160 1.9 4 8 5
1525 0 0.0 0 0 0
1526 165 2.0 5 7 1
1527 175 1.5 5 5 2
1528 180 2.0 5 5 2
1529 120 2.2 4 5 8
1530 160 2.0 5 5 2
1531 175 1.3 4 5 3
1532 0 0.0 0 0 0
1533 0 0.0 0 0 0
1534 135 1.9 4 5 5
1535 150 1.0 5 5 4
1536 150 1.0 5 5 11
1537 0 0.0 0 0 0
1538 0 0.0 0 0 0
1539 0 0.0 0 0 0
1540 0 0.0 0 0 0
1541 0 0.0 0 0 0
1543 175 1.5 4 5 3
1544 140 2.0 4 5 8
1545 100 2.8 2 2 0
1546 115 4.3 2 3 0
1549 165 2.0 5 5 2
1550 0 2.4 4 5 8
1551 160 2.4 5 5 2
1553 120 2.0 4 5 5
1554 140 2.4 4 12 5
1555 0 2.0 0 0 0
1556 135 2.0 4 6 5
1557 0 1.0 5 5 5
1558 0 2.0 5 5 2
1559 130 2.1 4 5 8
1560 130 2.2 4 5 8
1562 0 2.0 4 10 5
1563 160 1.5 5 5 2
1564 0 2.2 4 5 8
1565 180 1.8 5 5 4
1566 180 2.5 4 5 3
1567 225 2.5 4 5 3
1568 190 2.5 4 5 3
1569 180 4.0 5 7 2
1570 225 2.5 4 5 3
1571 210 2.5 2 4 9
1572 325 4.8 2 2 10
1573 250 4.6 4 5 3
1574 250 5.0 4 5 3
1575 220 5.7 5 8 2
1576 270 5.0 2 4 10
1577 200 2.7 5 5 2
1578 200 3.5 5 5 2
1580 0 0.0 0 0 0
1581 0 0.0 0 0 0
1582 0 0.0 0 0 0
1583 0 0.0 0 0 0
1584 0 0.0 0 0 0
1585 0 0.0 0 0 0
1586 0 0.0 0 0 0
1587 198 2.5 4 5 3
1588 115 1.0 5 5 5
1589 160 1.3 5 5 4
1590 155 1.3 4 5 3
1591 160 1.3 5 5 4
1592 170 1.3 4 5 3
1593 160 1.5 4 5 3
1594 160 1.5 4 5 3
1595 175 1.5 4 5 3
1596 0 0.0 0 0 0
1597 170 1.8 5 5 2
1598 120 1.3 5 5 5
1601 155 1.3 5 5 4
1602 190 1.6 4 5 3
1603 0 1.5 5 5 6
1604 210 1.6 5 5 6
1605 180 1.5 5 5 3
1606 250 0.0 4 5 3
1607 250 6.6 2 4 3
1608 0 6.7 4 5 3
1609 203 2.0 4 5 3
1610 185 2.5 5 7 1
1611 173 2.5 5 5 2
1612 200 2.0 4 5 3
1613 198 2.0 5 5 6
1614 201 2.0 4 5 3
1615 203 2.0 4 5 3
1618 192 3.7 5 7 2
1619 194 2.0 2 2 9
1620 176 1.6 5 5 4
1621 0 0.0 0 0 0
1622 0 0.0 0 0 0
1625 0 0.0 0 0 0
1626 0 0.0 0 0 0
1628 0 0.0 0 0 0
1629 188 2.0 5 7 1
1630 188 1.5 5 5 4
1631 172 1.3 5 5 4
1632 172 1.3 4 5 3
1633 187 1.6 4 5 3
1634 174 1.6 4 5 3
1635 178 1.6 4 5 3
1636 187 2.0 5 5 2
1637 192 1.5 5 4 3
1638 0 0.0 0 0 0
1639 0 2.0 4 5 3
1640 0 3.5 5 7 2
1641 0 3.0 5 5 2
1642 0 0.0 0 0 0
1643 0 3.5 4 5 3
1644 0 3.5 4 5 3
1645 0 3.7 5 5 4
1646 0 0.0 0 0 0
1647 0 0.0 0 0 0
1648 0 0.0 0 0 0
1649 0 1.5 4 5 3
1651 180 1.8 4 5 3
1652 182 1.8 5 7 1
1653 170 1.5 5 5 4
1654 170 1.5 5 5 6
1655 145 1.0 5 5 4
1656 170 1.6 5 5 4
1657 175 1.6 4 5 3
1658 0 0.0 0 0 0
1659 175 1.5 4 5 3
1660 172 1.5 4 5 3
1661 150 1.0 5 5 4
1662 130 0.8 5 5 4
1664 167 1.3 3 5 4
1665 150 1.3 5 5 2
1666 0 0.0 0 0 0
1667 145 1.0 5 5 6
1668 160 1.5 5 5 6
1669 172 1.5 5 5 3
1670 190 1.8 4 5 3
1671 175 1.6 5 5 2
1672 175 1.6 5 5 2
1673 175 2.0 5 5 2
1674 0 0.0 0 0 0
1678 0 0.0 0 0 0
1679 0 0.0 0 0 0
1683 185 1.6 4 5 3
1686 170 1.6 4 5 3
1687 195 2.0 4 5 3
1688 145 1.0 5 5 4
1689 0 0.0 0 0 0
1691 185 2.0 4 5 3
1692 145 1.0 3 2 4
1693 0 0.0 0 0 0
1694 0 0.0 0 0 0
1695 0 0.0 0 0 0
1696 0 0.0 0 0 0
1697 0 0.0 3 2 4
1698 125 2.0 5 5 2
1699 0 1.1 3 4 4
1700 125 1.0 5 5 5
1701 205 2.0 3 4 4
1702 230 2.0 4 5 3
1703 225 1.6 5 5 4
1704 220 2.0 5 5 4
1705 230 2.0 5 5 7
1706 210 2.0 5 5 2
1707 210 2.0 5 7 2
1708 0 0.0 0 0 0
1709 0 0.0 0 0 0
1710 0 0.0 0 0 0
1711 0 0.0 0 0 2
1713 0 0.0 0 0 0
1714 0 0.0 0 0 0
1715 0 0.0 0 0 0
1716 0 0.0 0 0 0
1717 0 0.0 0 0 0
1718 0 0.0 0 0 0
1719 235 2.5 2 4 9
1720 205 2.0 4 5 3
1721 210 2.0 4 5 3
1722 220 2.0 4 5 3
1723 210 2.5 5 7 2
1724 0 0.0 0 0 0
1725 293 4.0 2 2 12
1726 0 0.0 0 0 0
1727 0 0.0 0 0 0
1728 203 1.8 5 7 1
1729 0 0.0 0 0 0
1730 213 1.8 5 5 4
1731 190 1.2 5 5 4
1732 212 1.4 5 5 7
1733 0 0.0 0 0 0
1734 0 0.0 0 0 0
1735 0 0.0 0 0 0
1736 0 0.0 0 0 0
1737 0 0.0 0 0 0
1739 150 1.5 5 5 2
1740 0 0.0 0 0 0
1741 0 0.0 0 0 0
1742 0 0.0 0 0 0
1743 0 0.0 0 0 0
1744 0 0.0 0 0 0
1745 150 1.5 5 5 2
1746 0 0.0 0 0 0
1747 0 0.0 0 0 0
1748 0 0.0 0 0 0
1749 0 0.0 0 0 0
1750 0 0.0 0 0 0
1751 0 0.0 0 0 0
1752 0 0.0 0 0 0
1755 0 0.0 0 0 0
1756 0 0.0 0 0 0
1757 0 0.0 0 0 0
1758 0 0.0 0 0 0
1759 0 0.0 0 0 0
1760 160 1.5 5 5 2
1763 0 0.0 0 0 0
1764 0 0.0 0 0 0
1765 0 0.0 0 0 0
1766 0 0.0 0 0 0
1767 0 0.0 0 0 0
1768 0 0.0 0 0 0
1769 0 0.0 0 0 0
1770 0 0.0 0 0 0
1771 0 0.0 0 0 0
1772 0 0.0 0 0 0
1773 0 0.0 0 0 0
1774 0 0.0 0 0 0
1775 0 0.0 0 0 0
1776 0 0.0 0 0 0
1777 0 0.0 0 0 0
1778 0 0.0 0 0 0
1779 0 0.0 0 0 0
1780 0 0.0 0 0 0
1781 0 0.0 0 0 0
1782 0 0.0 0 0 0
1783 0 0.0 0 0 0
1784 110 1.0 2 2 0
1785 140 1.2 5 5 5
1786 125 1.0 5 5 5
1787 0 0.0 0 0 0
1789 130 1.0 5 5 5
1790 160 1.0 5 5 4
1791 170 1.3 4 5 3
1792 0 0.0 0 0 0
1793 180 1.6 5 5 4
1794 180 1.6 5 5 4
1795 180 1.6 4 5 3
1796 165 1.3 5 5 4
1797 0 1.6 5 5 2
1798 0 2.4 5 5 2
1799 215 2.4 4 5 3
1800 195 1.6 5 5 4
1801 0 0.0 0 0 0
1802 0 0.0 0 0 0
1804 0 0.0 0 0 0
1805 0 0.0 0 0 0
1806 0 0.0 0 0 0
1808 0 0.0 0 0 0
1809 0 0.0 0 0 0
1811 0 1.3 3 4 2
1812 120 1.0 5 5 4
1813 170 1.4 5 5 4
1814 170 1.4 4 5 3
1815 165 1.4 5 5 4
1816 165 1.4 4 5 3
1817 170 1.4 5 5 4
1818 0 1.2 5 8 5
1819 168 1.3 4 5 3
1820 222 1.8 2 2 9
1821 235 1.8 2 2 10
1822 0 0.0 0 0 0
1823 0 0.0 0 0 0
1824 0 0.0 0 0 0
1825 250 3.5 2 4 10
1827 180 1.4 5 5 4
1828 0 1.5 5 5 11
1829 200 1.5 5 5 4
1830 188 1.8 4 5 3
1831 188 1.8 5 5 6
1832 215 1.8 4 5 3
1833 0 0.0 0 0 0
1835 0 0.0 0 0 0
1836 175 1.3 5 5 4
1837 0 3.8 2 2 10
1838 380 3.8 2 2 10
1840 0 0.0 0 0 0
1841 333 3.8 2 2 10
1842 181 2.4 5 5 2
1843 197 1.4 5 5 1
1844 0 0.0 0 0 0
1845 200 1.4 3 5 4
1846 0 0.0 0 0 0
1847 0 2.0 5 5 7
1848 0 0.0 0 0 0
1849 0 0.0 0 0 0
1851 0 0.0 0 0 0
1852 0 0.0 0 0 0
1853 0 0.0 0 0 0
1854 0 0.0 0 0 0
1855 0 0.0 0 0 0
1856 188 1.4 5 5 1
1857 144 0.0 5 5 4
1858 155 1.2 5 5 4
1859 185 1.6 5 5 4
1860 185 1.6 5 5 4
1862 0 0.0 0 0 0
1863 185 1.6 4 5 3
1864 0 1.6 5 5 2
1865 0 3.0 5 7 2
1866 170 3.0 5 5 2
1867 190 2.4 5 7 1
1870 199 2.4 2 4 3
1871 242 2.0 4 5 10
1872 0 0.0 0 0 0
1873 0 0.0 0 0 0
1874 190 2.0 5 5 2
1875 0 0.0 0 0 0
1876 0 0.0 0 0 0
1877 0 0.0 0 0 0
1878 0 0.0 0 0 0
1879 0 0.0 0 0 0
1880 0 0.0 0 0 0
1881 0 0.0 0 0 0
1882 0 0.0 0 0 0
1884 0 0.0 0 0 0
1885 190 2.0 5 5 2
1886 185 1.6 4 5 3
1887 0 2.0 5 5 1
1888 0 1.6 4 5 3
1889 185 1.6 4 5 3
1891 0 2.0 4 5 3
1892 0 1.5 4 5 3
1893 200 1.8 4 5 3
1894 210 1.8 4 5 3
1895 0 4.2 2 2 10
1896 0 0.0 0 0 0
1897 0 0.0 0 0 0
1898 220 2.7 2 2 10
1899 140 1.2 5 8 5
1901 120 1.0 5 5 5
1902 0 0.0 0 0 0
1903 0 0.0 0 0 0
1904 120 1.2 5 8 5
1905 176 1.4 5 5 4
1906 192 1.4 5 5 2
1907 190 1.8 4 5 3
1908 200 1.4 4 5 3
1909 180 1.6 5 5 6
1910 175 2.4 5 5 2
1911 160 1.2 5 5 4
1912 170 1.4 4 5 3
1913 0 0.0 0 0 0
1914 165 1.2 5 5 4
1915 165 1.2 4 5 3
1916 0 0.0 0 0 0
1917 176 1.4 4 5 3
1918 160 1.4 5 4 4
1920 151 1.0 5 5 3
1921 0 0.0 0 0 0
1922 0 0.0 0 0 0
1924 0 0.0 0 0 0
1925 0 0.0 0 0 0
1926 0 0.0 0 0 0
1927 0 0.0 0 0 0
1928 0 0.0 0 0 0
1929 0 0.0 0 0 0
1930 0 0.0 0 0 0
1931 0 0.0 0 0 0
1932 0 0.0 0 0 0
1933 0 0.0 0 0 0
1934 0 0.0 0 0 0
1935 0 0.0 0 0 0
1936 0 0.0 0 0 0
1937 0 0.0 0 0 0
1938 0 0.0 0 0 0
1939 0 0.0 0 0 0
1940 0 0.0 0 0 0
1941 0 0.0 0 0 0
1942 0 0.0 0 0 0
1943 0 0.0 0 0 0
1944 0 0.0 0 0 0
1945 0 0.0 0 0 0
1946 250 3.6 2 4 10
1948 120 2.0 5 5 2
1949 0 1.5 5 5 4
1950 175 1.5 5 5 4
1951 175 1.5 4 5 3
1952 190 1.5 4 5 3
1953 180 1.5 5 5 2
1954 180 1.6 4 5 3
1955 160 1.5 5 5 11
1956 160 1.3 5 5 4
1957 170 1.5 4 5 3
1958 205 1.8 5 5 7
1959 210 1.8 4 5 3
1961 180 1.5 4 5 3
1962 250 3.0 4 5 3
1963 0 0.0 0 0 0
1964 0 0.0 0 0 0
1965 0 0.0 0 0 0
1966 0 0.0 0 0 0
1967 0 0.0 0 0 0
1968 0 0.0 0 0 0
1969 0 0.0 0 0 0
1970 250 6.0 5 5 2
1971 0 0.0 0 0 0
1972 0 0.0 0 0 0
1973 0 0.0 0 0 0
1975 0 0.0 0 0 0
1979 0 0.0 0 0 0
1980 0 0.0 0 0 0
1981 130 2.2 4 5 8
1982 0 0.0 0 0 0
1983 130 2.2 4 5 8
1984 150 2.2 4 5 8
1985 130 2.8 4 5 8
1986 150 2.4 5 5 2
1987 0 0.0 0 0 0
1988 0 0.0 0 0 0
1989 160 1.5 5 5 2
1991 0 0.0 0 0 0
1992 0 0.0 0 0 0
1993 135 2.2 4 5 8
1994 0 0.0 0 0 0
1995 0 0.0 0 0 0
1996 0 0.0 0 0 0
1997 0 0.0 0 0 0
1998 0 0.0 0 0 0
1999 0 0.0 0 0 0
2001 0 0.0 0 0 0
2002 0 0.0 0 0 0
2003 0 0.0 0 0 0
2004 0 0.0 0 0 0
